Top 40 Sort By Count
Count     Total     Mean   Stddev     Min   P50.0   P90.0   P95.0   P99.0     Max   2xx  3xx  4xx  5xx  TotalBytes   MinBytes  MeanBytes   MaxBytes  Request
 6580  4979.290   0.7567   0.8034   0.000   0.612   1.573   1.875   4.330   4.737  6455    0  125    0     4453478          0        676       1515  GET /api/player/player/:player_id
 3773  2715.142   0.7196   0.8881   0.000   0.489   1.576   2.011   4.404   4.683  3697    0   76    0    34754926          0       9211      11829  GET /api/player/competition/:competition_id/ranking
  540     9.532   0.0177   0.0094   0.000   0.017   0.029   0.034   0.047   0.055   523    0   17    0      452167         30        837       2267  GET /api/player/competitions HTTP/2.0
  147   123.363   0.8392   0.9811   0.001   0.415   1.630   3.406   4.458   4.487   140    0    7    0        5175          0         35         53  POST /api/organizer/competition/:competition_id/score
  124     0.526   0.0042   0.0052   0.000   0.002   0.013   0.018   0.022   0.024   123    0    1    0       18023         30        145        169  POST /api/organizer/competitions/add HTTP/2.0
  117     0.767   0.0066   0.0070   0.001   0.004   0.018   0.020   0.029   0.036   116    0    1    0        1886         16         16         30  POST /api/organizer/competition/:competition_id/finish
  104     1.134   0.0109   0.0108   0.001   0.006   0.026   0.033   0.042   0.060   104    0    0    0     4843097       2466      46568     484144  GET /api/organizer/players HTTP/2.0
   90   113.086   1.2565   2.4782   0.002   0.108   7.105   7.811  10.792  10.792    87    0    3    0      141019          0       1566       4972  GET /api/organizer/billing HTTP/2.0
   73    61.665   0.8447   2.1461   0.000   0.435   1.140   1.294  17.417  17.417    73    0    0    0       64241         38        880        999  GET /api/admin/tenants/billing?querystring
   24    10.741   0.4475   0.2363   0.100   0.445   0.792   0.819   0.825   0.825    24    0    0    0      438443      10527      18268      22885  POST /api/organizer/players/add HTTP/2.0
   20     0.147   0.0074   0.0089   0.001   0.005   0.023   0.037   0.037   0.037    19    0    1    0        2144         30        107        138  POST /api/organizer/player/:player_id/disqualified
   16     1.486   0.0929   0.1827   0.001   0.057   0.101   0.788   0.788   0.788    11    0    5    0        1589         30         99        149  POST /api/admin/tenants/add HTTP/2.0
    6    13.063   2.1772   3.2863   0.068   0.183   8.971   8.971   8.971   8.971     5    0    1    0        5082          0        847       1035  GET /api/admin/tenants/billing HTTP/2.0
    1     0.000   0.0000   0.0000   0.000   0.000   0.000   0.000   0.000   0.000     1    0    0    0        4868       4868       4868       4868  GET /css/app.83b4c321.css HTTP/2.0
    1     0.000   0.0000   0.0000   0.000   0.000   0.000   0.000   0.000   0.000     1    0    0    0       33294      33294      33294      33294  GET /js/app.3a4ec98c.js HTTP/2.0
    1     0.000   0.0000   0.0000   0.000   0.000   0.000   0.000   0.000   0.000     1    0    0    0         479        479        479        479  GET /index.html HTTP/2.0
    1     0.001   0.0010   0.0000   0.001   0.001   0.001   0.001   0.001   0.001     1    0    0    0         138        138        138        138  GET /api/organizer/competitions HTTP/2.0
    1    26.750  26.7500   0.0000  26.750  26.750  26.750  26.750  26.750  26.750     1    0    0    0          37         37         37         37  POST /initialize HTTP/2.0

Top 40 Sort By Total
Count     Total     Mean   Stddev     Min   P50.0   P90.0   P95.0   P99.0     Max   2xx  3xx  4xx  5xx  TotalBytes   MinBytes  MeanBytes   MaxBytes  Request
 6580  4979.290   0.7567   0.8034   0.000   0.612   1.573   1.875   4.330   4.737  6455    0  125    0     4453478          0        676       1515  GET /api/player/player/:player_id
 3773  2715.142   0.7196   0.8881   0.000   0.489   1.576   2.011   4.404   4.683  3697    0   76    0    34754926          0       9211      11829  GET /api/player/competition/:competition_id/ranking
  147   123.363   0.8392   0.9811   0.001   0.415   1.630   3.406   4.458   4.487   140    0    7    0        5175          0         35         53  POST /api/organizer/competition/:competition_id/score
   90   113.086   1.2565   2.4782   0.002   0.108   7.105   7.811  10.792  10.792    87    0    3    0      141019          0       1566       4972  GET /api/organizer/billing HTTP/2.0
   73    61.665   0.8447   2.1461   0.000   0.435   1.140   1.294  17.417  17.417    73    0    0    0       64241         38        880        999  GET /api/admin/tenants/billing?querystring
    1    26.750  26.7500   0.0000  26.750  26.750  26.750  26.750  26.750  26.750     1    0    0    0          37         37         37         37  POST /initialize HTTP/2.0
    6    13.063   2.1772   3.2863   0.068   0.183   8.971   8.971   8.971   8.971     5    0    1    0        5082          0        847       1035  GET /api/admin/tenants/billing HTTP/2.0
   24    10.741   0.4475   0.2363   0.100   0.445   0.792   0.819   0.825   0.825    24    0    0    0      438443      10527      18268      22885  POST /api/organizer/players/add HTTP/2.0
  540     9.532   0.0177   0.0094   0.000   0.017   0.029   0.034   0.047   0.055   523    0   17    0      452167         30        837       2267  GET /api/player/competitions HTTP/2.0
   16     1.486   0.0929   0.1827   0.001   0.057   0.101   0.788   0.788   0.788    11    0    5    0        1589         30         99        149  POST /api/admin/tenants/add HTTP/2.0
  104     1.134   0.0109   0.0108   0.001   0.006   0.026   0.033   0.042   0.060   104    0    0    0     4843097       2466      46568     484144  GET /api/organizer/players HTTP/2.0
  117     0.767   0.0066   0.0070   0.001   0.004   0.018   0.020   0.029   0.036   116    0    1    0        1886         16         16         30  POST /api/organizer/competition/:competition_id/finish
  124     0.526   0.0042   0.0052   0.000   0.002   0.013   0.018   0.022   0.024   123    0    1    0       18023         30        145        169  POST /api/organizer/competitions/add HTTP/2.0
   20     0.147   0.0074   0.0089   0.001   0.005   0.023   0.037   0.037   0.037    19    0    1    0        2144         30        107        138  POST /api/organizer/player/:player_id/disqualified
    1     0.001   0.0010   0.0000   0.001   0.001   0.001   0.001   0.001   0.001     1    0    0    0         138        138        138        138  GET /api/organizer/competitions HTTP/2.0
    1     0.000   0.0000   0.0000   0.000   0.000   0.000   0.000   0.000   0.000     1    0    0    0        4868       4868       4868       4868  GET /css/app.83b4c321.css HTTP/2.0
    1     0.000   0.0000   0.0000   0.000   0.000   0.000   0.000   0.000   0.000     1    0    0    0       33294      33294      33294      33294  GET /js/app.3a4ec98c.js HTTP/2.0
    1     0.000   0.0000   0.0000   0.000   0.000   0.000   0.000   0.000   0.000     1    0    0    0         479        479        479        479  GET /index.html HTTP/2.0

Top 40 Sort By Mean
Count     Total     Mean   Stddev     Min   P50.0   P90.0   P95.0   P99.0     Max   2xx  3xx  4xx  5xx  TotalBytes   MinBytes  MeanBytes   MaxBytes  Request
    1    26.750  26.7500   0.0000  26.750  26.750  26.750  26.750  26.750  26.750     1    0    0    0          37         37         37         37  POST /initialize HTTP/2.0
    6    13.063   2.1772   3.2863   0.068   0.183   8.971   8.971   8.971   8.971     5    0    1    0        5082          0        847       1035  GET /api/admin/tenants/billing HTTP/2.0
   90   113.086   1.2565   2.4782   0.002   0.108   7.105   7.811  10.792  10.792    87    0    3    0      141019          0       1566       4972  GET /api/organizer/billing HTTP/2.0
   73    61.665   0.8447   2.1461   0.000   0.435   1.140   1.294  17.417  17.417    73    0    0    0       64241         38        880        999  GET /api/admin/tenants/billing?querystring
  147   123.363   0.8392   0.9811   0.001   0.415   1.630   3.406   4.458   4.487   140    0    7    0        5175          0         35         53  POST /api/organizer/competition/:competition_id/score
 6580  4979.290   0.7567   0.8034   0.000   0.612   1.573   1.875   4.330   4.737  6455    0  125    0     4453478          0        676       1515  GET /api/player/player/:player_id
 3773  2715.142   0.7196   0.8881   0.000   0.489   1.576   2.011   4.404   4.683  3697    0   76    0    34754926          0       9211      11829  GET /api/player/competition/:competition_id/ranking
   24    10.741   0.4475   0.2363   0.100   0.445   0.792   0.819   0.825   0.825    24    0    0    0      438443      10527      18268      22885  POST /api/organizer/players/add HTTP/2.0
   16     1.486   0.0929   0.1827   0.001   0.057   0.101   0.788   0.788   0.788    11    0    5    0        1589         30         99        149  POST /api/admin/tenants/add HTTP/2.0
  540     9.532   0.0177   0.0094   0.000   0.017   0.029   0.034   0.047   0.055   523    0   17    0      452167         30        837       2267  GET /api/player/competitions HTTP/2.0
  104     1.134   0.0109   0.0108   0.001   0.006   0.026   0.033   0.042   0.060   104    0    0    0     4843097       2466      46568     484144  GET /api/organizer/players HTTP/2.0
   20     0.147   0.0074   0.0089   0.001   0.005   0.023   0.037   0.037   0.037    19    0    1    0        2144         30        107        138  POST /api/organizer/player/:player_id/disqualified
  117     0.767   0.0066   0.0070   0.001   0.004   0.018   0.020   0.029   0.036   116    0    1    0        1886         16         16         30  POST /api/organizer/competition/:competition_id/finish
  124     0.526   0.0042   0.0052   0.000   0.002   0.013   0.018   0.022   0.024   123    0    1    0       18023         30        145        169  POST /api/organizer/competitions/add HTTP/2.0
    1     0.001   0.0010   0.0000   0.001   0.001   0.001   0.001   0.001   0.001     1    0    0    0         138        138        138        138  GET /api/organizer/competitions HTTP/2.0
    1     0.000   0.0000   0.0000   0.000   0.000   0.000   0.000   0.000   0.000     1    0    0    0        4868       4868       4868       4868  GET /css/app.83b4c321.css HTTP/2.0
    1     0.000   0.0000   0.0000   0.000   0.000   0.000   0.000   0.000   0.000     1    0    0    0       33294      33294      33294      33294  GET /js/app.3a4ec98c.js HTTP/2.0
    1     0.000   0.0000   0.0000   0.000   0.000   0.000   0.000   0.000   0.000     1    0    0    0         479        479        479        479  GET /index.html HTTP/2.0

Top 40 Sort By Standard Deviation
Count     Total     Mean   Stddev     Min   P50.0   P90.0   P95.0   P99.0     Max   2xx  3xx  4xx  5xx  TotalBytes   MinBytes  MeanBytes   MaxBytes  Request
    6    13.063   2.1772   3.2863   0.068   0.183   8.971   8.971   8.971   8.971     5    0    1    0        5082          0        847       1035  GET /api/admin/tenants/billing HTTP/2.0
   90   113.086   1.2565   2.4782   0.002   0.108   7.105   7.811  10.792  10.792    87    0    3    0      141019          0       1566       4972  GET /api/organizer/billing HTTP/2.0
   73    61.665   0.8447   2.1461   0.000   0.435   1.140   1.294  17.417  17.417    73    0    0    0       64241         38        880        999  GET /api/admin/tenants/billing?querystring
  147   123.363   0.8392   0.9811   0.001   0.415   1.630   3.406   4.458   4.487   140    0    7    0        5175          0         35         53  POST /api/organizer/competition/:competition_id/score
 3773  2715.142   0.7196   0.8881   0.000   0.489   1.576   2.011   4.404   4.683  3697    0   76    0    34754926          0       9211      11829  GET /api/player/competition/:competition_id/ranking
 6580  4979.290   0.7567   0.8034   0.000   0.612   1.573   1.875   4.330   4.737  6455    0  125    0     4453478          0        676       1515  GET /api/player/player/:player_id
   24    10.741   0.4475   0.2363   0.100   0.445   0.792   0.819   0.825   0.825    24    0    0    0      438443      10527      18268      22885  POST /api/organizer/players/add HTTP/2.0
   16     1.486   0.0929   0.1827   0.001   0.057   0.101   0.788   0.788   0.788    11    0    5    0        1589         30         99        149  POST /api/admin/tenants/add HTTP/2.0
  104     1.134   0.0109   0.0108   0.001   0.006   0.026   0.033   0.042   0.060   104    0    0    0     4843097       2466      46568     484144  GET /api/organizer/players HTTP/2.0
  540     9.532   0.0177   0.0094   0.000   0.017   0.029   0.034   0.047   0.055   523    0   17    0      452167         30        837       2267  GET /api/player/competitions HTTP/2.0
   20     0.147   0.0074   0.0089   0.001   0.005   0.023   0.037   0.037   0.037    19    0    1    0        2144         30        107        138  POST /api/organizer/player/:player_id/disqualified
  117     0.767   0.0066   0.0070   0.001   0.004   0.018   0.020   0.029   0.036   116    0    1    0        1886         16         16         30  POST /api/organizer/competition/:competition_id/finish
  124     0.526   0.0042   0.0052   0.000   0.002   0.013   0.018   0.022   0.024   123    0    1    0       18023         30        145        169  POST /api/organizer/competitions/add HTTP/2.0
    1    26.750  26.7500   0.0000  26.750  26.750  26.750  26.750  26.750  26.750     1    0    0    0          37         37         37         37  POST /initialize HTTP/2.0
    1     0.001   0.0010   0.0000   0.001   0.001   0.001   0.001   0.001   0.001     1    0    0    0         138        138        138        138  GET /api/organizer/competitions HTTP/2.0
    1     0.000   0.0000   0.0000   0.000   0.000   0.000   0.000   0.000   0.000     1    0    0    0        4868       4868       4868       4868  GET /css/app.83b4c321.css HTTP/2.0
    1     0.000   0.0000   0.0000   0.000   0.000   0.000   0.000   0.000   0.000     1    0    0    0       33294      33294      33294      33294  GET /js/app.3a4ec98c.js HTTP/2.0
    1     0.000   0.0000   0.0000   0.000   0.000   0.000   0.000   0.000   0.000     1    0    0    0         479        479        479        479  GET /index.html HTTP/2.0

Top 40 Sort By Maximum(100 Percentile)
Count     Total     Mean   Stddev     Min   P50.0   P90.0   P95.0   P99.0     Max   2xx  3xx  4xx  5xx  TotalBytes   MinBytes  MeanBytes   MaxBytes  Request
    1    26.750  26.7500   0.0000  26.750  26.750  26.750  26.750  26.750  26.750     1    0    0    0          37         37         37         37  POST /initialize HTTP/2.0
   73    61.665   0.8447   2.1461   0.000   0.435   1.140   1.294  17.417  17.417    73    0    0    0       64241         38        880        999  GET /api/admin/tenants/billing?querystring
   90   113.086   1.2565   2.4782   0.002   0.108   7.105   7.811  10.792  10.792    87    0    3    0      141019          0       1566       4972  GET /api/organizer/billing HTTP/2.0
    6    13.063   2.1772   3.2863   0.068   0.183   8.971   8.971   8.971   8.971     5    0    1    0        5082          0        847       1035  GET /api/admin/tenants/billing HTTP/2.0
 6580  4979.290   0.7567   0.8034   0.000   0.612   1.573   1.875   4.330   4.737  6455    0  125    0     4453478          0        676       1515  GET /api/player/player/:player_id
 3773  2715.142   0.7196   0.8881   0.000   0.489   1.576   2.011   4.404   4.683  3697    0   76    0    34754926          0       9211      11829  GET /api/player/competition/:competition_id/ranking
  147   123.363   0.8392   0.9811   0.001   0.415   1.630   3.406   4.458   4.487   140    0    7    0        5175          0         35         53  POST /api/organizer/competition/:competition_id/score
   24    10.741   0.4475   0.2363   0.100   0.445   0.792   0.819   0.825   0.825    24    0    0    0      438443      10527      18268      22885  POST /api/organizer/players/add HTTP/2.0
   16     1.486   0.0929   0.1827   0.001   0.057   0.101   0.788   0.788   0.788    11    0    5    0        1589         30         99        149  POST /api/admin/tenants/add HTTP/2.0
  104     1.134   0.0109   0.0108   0.001   0.006   0.026   0.033   0.042   0.060   104    0    0    0     4843097       2466      46568     484144  GET /api/organizer/players HTTP/2.0
  540     9.532   0.0177   0.0094   0.000   0.017   0.029   0.034   0.047   0.055   523    0   17    0      452167         30        837       2267  GET /api/player/competitions HTTP/2.0
   20     0.147   0.0074   0.0089   0.001   0.005   0.023   0.037   0.037   0.037    19    0    1    0        2144         30        107        138  POST /api/organizer/player/:player_id/disqualified
  117     0.767   0.0066   0.0070   0.001   0.004   0.018   0.020   0.029   0.036   116    0    1    0        1886         16         16         30  POST /api/organizer/competition/:competition_id/finish
  124     0.526   0.0042   0.0052   0.000   0.002   0.013   0.018   0.022   0.024   123    0    1    0       18023         30        145        169  POST /api/organizer/competitions/add HTTP/2.0
    1     0.001   0.0010   0.0000   0.001   0.001   0.001   0.001   0.001   0.001     1    0    0    0         138        138        138        138  GET /api/organizer/competitions HTTP/2.0
    1     0.000   0.0000   0.0000   0.000   0.000   0.000   0.000   0.000   0.000     1    0    0    0        4868       4868       4868       4868  GET /css/app.83b4c321.css HTTP/2.0
    1     0.000   0.0000   0.0000   0.000   0.000   0.000   0.000   0.000   0.000     1    0    0    0       33294      33294      33294      33294  GET /js/app.3a4ec98c.js HTTP/2.0
    1     0.000   0.0000   0.0000   0.000   0.000   0.000   0.000   0.000   0.000     1    0    0    0         479        479        479        479  GET /index.html HTTP/2.0

TOP 37 Slow Requests
 1  26.750  POST /initialize HTTP/2.0
 2  17.417  GET /api/admin/tenants/billing?before=11 HTTP/2.0
 3  10.792  GET /api/organizer/billing HTTP/2.0
 4   9.062  GET /api/organizer/billing HTTP/2.0
 5   8.971  GET /api/admin/tenants/billing HTTP/2.0
 6   8.671  GET /api/organizer/billing HTTP/2.0
 7   7.912  GET /api/organizer/billing HTTP/2.0
 8   7.811  GET /api/organizer/billing HTTP/2.0
 9   7.601  GET /api/organizer/billing HTTP/2.0
10   7.233  GET /api/organizer/billing HTTP/2.0
11   7.194  GET /api/admin/tenants/billing?before=21 HTTP/2.0
12   7.184  GET /api/organizer/billing HTTP/2.0
13   7.105  GET /api/organizer/billing HTTP/2.0
14   4.737  GET /api/player/player/acf95aa0-2104-4ad4-9e0c-33f8e67468f4 HTTP/2.0
15   4.716  GET /api/player/player/605e41f0a HTTP/2.0
16   4.709  GET /api/player/player/817ae28e-309b-40a2-a650-34faafa1bd13 HTTP/2.0
17   4.707  GET /api/player/player/628f07115 HTTP/2.0
18   4.683  GET /api/player/competition/6f80b0e1-08aa-43eb-a13e-9c9e5b421dd1/ranking HTTP/2.0
19   4.672  GET /api/player/player/624d20f32 HTTP/2.0
20   4.626  GET /api/player/player/613db8f8e HTTP/2.0
21   4.615  GET /api/player/competition/f51fe996-7ac0-43d0-84c8-26596dffc650/ranking HTTP/2.0
22   4.607  GET /api/player/player/355c2c651 HTTP/2.0
23   4.596  GET /api/player/competition/fa479f13-5b20-47ff-9389-764b90deba77/ranking HTTP/2.0
24   4.577  GET /api/player/competition/fa479f13-5b20-47ff-9389-764b90deba77/ranking HTTP/2.0
25   4.570  GET /api/player/player/277b44ff-5fbc-42b2-b42d-a0962489a674 HTTP/2.0
26   4.567  GET /api/player/competition/fa479f13-5b20-47ff-9389-764b90deba77/ranking HTTP/2.0
27   4.567  GET /api/player/competition/f51fe996-7ac0-43d0-84c8-26596dffc650/ranking HTTP/2.0
28   4.564  GET /api/player/competition/fa479f13-5b20-47ff-9389-764b90deba77/ranking HTTP/2.0
29   4.563  GET /api/player/competition/fa479f13-5b20-47ff-9389-764b90deba77/ranking HTTP/2.0
30   4.562  GET /api/player/competition/f51fe996-7ac0-43d0-84c8-26596dffc650/ranking HTTP/2.0
31   4.562  GET /api/player/player/6095db575 HTTP/2.0
32   4.555  GET /api/player/player/01c4e09a-1153-4a67-8916-233675f49eb3 HTTP/2.0
33   4.554  GET /api/player/competition/fa479f13-5b20-47ff-9389-764b90deba77/ranking HTTP/2.0
34   4.550  GET /api/player/player/638ff28e4 HTTP/2.0
35   4.546  GET /api/player/player/6147362ba HTTP/2.0
36   4.541  GET /api/player/player/d3f25f05-7f58-46eb-af94-1859526e91c0 HTTP/2.0
37   4.539  GET /api/player/player/7cdb258c-a72f-44bd-be59-101dd0b42e36 HTTP/2.0
