Top 40 Sort By Count
Count     Total    Mean  Stddev     Min   P50.0   P90.0   P95.0   P99.0     Max  2xx  3xx  4xx  5xx  TotalBytes   MinBytes  MeanBytes   MaxBytes  Request
  593  1189.193  2.0054  3.4218   0.001   0.028   7.277  10.031  12.965  13.091  545    0   48    0     5380338          0       9073      14593  GET /api/player/competition/:competition_id/ranking
  513   796.643  1.5529  3.0400   0.001   0.059   6.459   9.095  12.422  12.901  464    0   49    0      316894          0        617       2287  GET /api/player/player/:player_id
  112     1.683  0.0150  0.0140   0.001   0.012   0.030   0.045   0.058   0.066  101    0   11    0      113039         39       1009       2689  GET /api/player/competitions HTTP/2.0
   57   160.473  2.8153  2.6733   0.001   2.048   6.955   9.907  12.786  12.786   49    0    8    0        2838          0         49         62  POST /api/organizer/competition/:competition_id/score
   40     1.007  0.0252  0.0076   0.010   0.023   0.037   0.041   0.041   0.041   39    0    1    0        6440         39        161        188  POST /api/organizer/competitions/add HTTP/2.0
   36     0.484  0.0134  0.0086   0.005   0.011   0.019   0.039   0.050   0.050   35    0    1    0         774         21         21         39  POST /api/organizer/competition/:competition_id/finish
   29     0.316  0.0109  0.0146   0.001   0.006   0.041   0.047   0.065   0.065   29    0    0    0     2948904       7650     101686     602298  GET /api/organizer/players HTTP/2.0
   22     2.134  0.0970  0.1975   0.002   0.019   0.307   0.381   0.873   0.873   22    0    0    0       37316        320       1696       4867  GET /api/organizer/billing HTTP/2.0
   17     0.478  0.0281  0.0738   0.002   0.010   0.017   0.323   0.323   0.323   16    0    1    0        2553         39        150        165  POST /api/organizer/player/:player_id/disqualified
   12   109.723  9.1436  4.4329   3.065   8.849  13.287  19.161  19.161  19.161   10    0    2    0       15111          0       1259       1530  GET /api/admin/tenants/billing?querystring
   11     0.362  0.0329  0.0282   0.001   0.050   0.067   0.072   0.072   0.072    6    0    5    0        1299         39        118        192  POST /api/admin/tenants/add HTTP/2.0
    9    32.091  3.5657  1.8207   0.044   3.961   5.616   5.616   5.616   5.616    9    0    0    0      153318        291      17035      26716  POST /api/organizer/players/add HTTP/2.0
    2     0.007  0.0035  0.0025   0.001   0.006   0.006   0.006   0.006   0.006    2    0    0    0        2715        177       1357       2538  GET /api/organizer/competitions HTTP/2.0
    2     0.009  0.0045  0.0015   0.003   0.006   0.006   0.006   0.006   0.006    2    0    0    0         400        200        200        200  GET /api/me HTTP/2.0
    1     0.000  0.0000  0.0000   0.000   0.000   0.000   0.000   0.000   0.000    1    0    0    0         479        479        479        479  GET /index.html HTTP/2.0
    1     3.872  3.8720  0.0000   3.872   3.872   3.872   3.872   3.872   3.872    1    0    0    0        1561       1561       1561       1561  GET /api/admin/tenants/billing HTTP/2.0
    1     0.000  0.0000  0.0000   0.000   0.000   0.000   0.000   0.000   0.000    1    0    0    0        4868       4868       4868       4868  GET /css/app.83b4c321.css HTTP/2.0
    1     3.105  3.1050  0.0000   3.105   3.105   3.105   3.105   3.105   3.105    1    0    0    0          55         55         55         55  POST /initialize HTTP/2.0
    1     0.000  0.0000  0.0000   0.000   0.000   0.000   0.000   0.000   0.000    1    0    0    0       33294      33294      33294      33294  GET /js/app.3a4ec98c.js HTTP/2.0

Top 40 Sort By Total
Count     Total    Mean  Stddev     Min   P50.0   P90.0   P95.0   P99.0     Max  2xx  3xx  4xx  5xx  TotalBytes   MinBytes  MeanBytes   MaxBytes  Request
  593  1189.193  2.0054  3.4218   0.001   0.028   7.277  10.031  12.965  13.091  545    0   48    0     5380338          0       9073      14593  GET /api/player/competition/:competition_id/ranking
  513   796.643  1.5529  3.0400   0.001   0.059   6.459   9.095  12.422  12.901  464    0   49    0      316894          0        617       2287  GET /api/player/player/:player_id
   57   160.473  2.8153  2.6733   0.001   2.048   6.955   9.907  12.786  12.786   49    0    8    0        2838          0         49         62  POST /api/organizer/competition/:competition_id/score
   12   109.723  9.1436  4.4329   3.065   8.849  13.287  19.161  19.161  19.161   10    0    2    0       15111          0       1259       1530  GET /api/admin/tenants/billing?querystring
    9    32.091  3.5657  1.8207   0.044   3.961   5.616   5.616   5.616   5.616    9    0    0    0      153318        291      17035      26716  POST /api/organizer/players/add HTTP/2.0
    1     3.872  3.8720  0.0000   3.872   3.872   3.872   3.872   3.872   3.872    1    0    0    0        1561       1561       1561       1561  GET /api/admin/tenants/billing HTTP/2.0
    1     3.105  3.1050  0.0000   3.105   3.105   3.105   3.105   3.105   3.105    1    0    0    0          55         55         55         55  POST /initialize HTTP/2.0
   22     2.134  0.0970  0.1975   0.002   0.019   0.307   0.381   0.873   0.873   22    0    0    0       37316        320       1696       4867  GET /api/organizer/billing HTTP/2.0
  112     1.683  0.0150  0.0140   0.001   0.012   0.030   0.045   0.058   0.066  101    0   11    0      113039         39       1009       2689  GET /api/player/competitions HTTP/2.0
   40     1.007  0.0252  0.0076   0.010   0.023   0.037   0.041   0.041   0.041   39    0    1    0        6440         39        161        188  POST /api/organizer/competitions/add HTTP/2.0
   36     0.484  0.0134  0.0086   0.005   0.011   0.019   0.039   0.050   0.050   35    0    1    0         774         21         21         39  POST /api/organizer/competition/:competition_id/finish
   17     0.478  0.0281  0.0738   0.002   0.010   0.017   0.323   0.323   0.323   16    0    1    0        2553         39        150        165  POST /api/organizer/player/:player_id/disqualified
   11     0.362  0.0329  0.0282   0.001   0.050   0.067   0.072   0.072   0.072    6    0    5    0        1299         39        118        192  POST /api/admin/tenants/add HTTP/2.0
   29     0.316  0.0109  0.0146   0.001   0.006   0.041   0.047   0.065   0.065   29    0    0    0     2948904       7650     101686     602298  GET /api/organizer/players HTTP/2.0
    2     0.009  0.0045  0.0015   0.003   0.006   0.006   0.006   0.006   0.006    2    0    0    0         400        200        200        200  GET /api/me HTTP/2.0
    2     0.007  0.0035  0.0025   0.001   0.006   0.006   0.006   0.006   0.006    2    0    0    0        2715        177       1357       2538  GET /api/organizer/competitions HTTP/2.0
    1     0.000  0.0000  0.0000   0.000   0.000   0.000   0.000   0.000   0.000    1    0    0    0         479        479        479        479  GET /index.html HTTP/2.0
    1     0.000  0.0000  0.0000   0.000   0.000   0.000   0.000   0.000   0.000    1    0    0    0        4868       4868       4868       4868  GET /css/app.83b4c321.css HTTP/2.0
    1     0.000  0.0000  0.0000   0.000   0.000   0.000   0.000   0.000   0.000    1    0    0    0       33294      33294      33294      33294  GET /js/app.3a4ec98c.js HTTP/2.0

Top 40 Sort By Mean
Count     Total    Mean  Stddev     Min   P50.0   P90.0   P95.0   P99.0     Max  2xx  3xx  4xx  5xx  TotalBytes   MinBytes  MeanBytes   MaxBytes  Request
   12   109.723  9.1436  4.4329   3.065   8.849  13.287  19.161  19.161  19.161   10    0    2    0       15111          0       1259       1530  GET /api/admin/tenants/billing?querystring
    1     3.872  3.8720  0.0000   3.872   3.872   3.872   3.872   3.872   3.872    1    0    0    0        1561       1561       1561       1561  GET /api/admin/tenants/billing HTTP/2.0
    9    32.091  3.5657  1.8207   0.044   3.961   5.616   5.616   5.616   5.616    9    0    0    0      153318        291      17035      26716  POST /api/organizer/players/add HTTP/2.0
    1     3.105  3.1050  0.0000   3.105   3.105   3.105   3.105   3.105   3.105    1    0    0    0          55         55         55         55  POST /initialize HTTP/2.0
   57   160.473  2.8153  2.6733   0.001   2.048   6.955   9.907  12.786  12.786   49    0    8    0        2838          0         49         62  POST /api/organizer/competition/:competition_id/score
  593  1189.193  2.0054  3.4218   0.001   0.028   7.277  10.031  12.965  13.091  545    0   48    0     5380338          0       9073      14593  GET /api/player/competition/:competition_id/ranking
  513   796.643  1.5529  3.0400   0.001   0.059   6.459   9.095  12.422  12.901  464    0   49    0      316894          0        617       2287  GET /api/player/player/:player_id
   22     2.134  0.0970  0.1975   0.002   0.019   0.307   0.381   0.873   0.873   22    0    0    0       37316        320       1696       4867  GET /api/organizer/billing HTTP/2.0
   11     0.362  0.0329  0.0282   0.001   0.050   0.067   0.072   0.072   0.072    6    0    5    0        1299         39        118        192  POST /api/admin/tenants/add HTTP/2.0
   17     0.478  0.0281  0.0738   0.002   0.010   0.017   0.323   0.323   0.323   16    0    1    0        2553         39        150        165  POST /api/organizer/player/:player_id/disqualified
   40     1.007  0.0252  0.0076   0.010   0.023   0.037   0.041   0.041   0.041   39    0    1    0        6440         39        161        188  POST /api/organizer/competitions/add HTTP/2.0
  112     1.683  0.0150  0.0140   0.001   0.012   0.030   0.045   0.058   0.066  101    0   11    0      113039         39       1009       2689  GET /api/player/competitions HTTP/2.0
   36     0.484  0.0134  0.0086   0.005   0.011   0.019   0.039   0.050   0.050   35    0    1    0         774         21         21         39  POST /api/organizer/competition/:competition_id/finish
   29     0.316  0.0109  0.0146   0.001   0.006   0.041   0.047   0.065   0.065   29    0    0    0     2948904       7650     101686     602298  GET /api/organizer/players HTTP/2.0
    2     0.009  0.0045  0.0015   0.003   0.006   0.006   0.006   0.006   0.006    2    0    0    0         400        200        200        200  GET /api/me HTTP/2.0
    2     0.007  0.0035  0.0025   0.001   0.006   0.006   0.006   0.006   0.006    2    0    0    0        2715        177       1357       2538  GET /api/organizer/competitions HTTP/2.0
    1     0.000  0.0000  0.0000   0.000   0.000   0.000   0.000   0.000   0.000    1    0    0    0         479        479        479        479  GET /index.html HTTP/2.0
    1     0.000  0.0000  0.0000   0.000   0.000   0.000   0.000   0.000   0.000    1    0    0    0        4868       4868       4868       4868  GET /css/app.83b4c321.css HTTP/2.0
    1     0.000  0.0000  0.0000   0.000   0.000   0.000   0.000   0.000   0.000    1    0    0    0       33294      33294      33294      33294  GET /js/app.3a4ec98c.js HTTP/2.0

Top 40 Sort By Standard Deviation
Count     Total    Mean  Stddev     Min   P50.0   P90.0   P95.0   P99.0     Max  2xx  3xx  4xx  5xx  TotalBytes   MinBytes  MeanBytes   MaxBytes  Request
   12   109.723  9.1436  4.4329   3.065   8.849  13.287  19.161  19.161  19.161   10    0    2    0       15111          0       1259       1530  GET /api/admin/tenants/billing?querystring
  593  1189.193  2.0054  3.4218   0.001   0.028   7.277  10.031  12.965  13.091  545    0   48    0     5380338          0       9073      14593  GET /api/player/competition/:competition_id/ranking
  513   796.643  1.5529  3.0400   0.001   0.059   6.459   9.095  12.422  12.901  464    0   49    0      316894          0        617       2287  GET /api/player/player/:player_id
   57   160.473  2.8153  2.6733   0.001   2.048   6.955   9.907  12.786  12.786   49    0    8    0        2838          0         49         62  POST /api/organizer/competition/:competition_id/score
    9    32.091  3.5657  1.8207   0.044   3.961   5.616   5.616   5.616   5.616    9    0    0    0      153318        291      17035      26716  POST /api/organizer/players/add HTTP/2.0
   22     2.134  0.0970  0.1975   0.002   0.019   0.307   0.381   0.873   0.873   22    0    0    0       37316        320       1696       4867  GET /api/organizer/billing HTTP/2.0
   17     0.478  0.0281  0.0738   0.002   0.010   0.017   0.323   0.323   0.323   16    0    1    0        2553         39        150        165  POST /api/organizer/player/:player_id/disqualified
   11     0.362  0.0329  0.0282   0.001   0.050   0.067   0.072   0.072   0.072    6    0    5    0        1299         39        118        192  POST /api/admin/tenants/add HTTP/2.0
   29     0.316  0.0109  0.0146   0.001   0.006   0.041   0.047   0.065   0.065   29    0    0    0     2948904       7650     101686     602298  GET /api/organizer/players HTTP/2.0
  112     1.683  0.0150  0.0140   0.001   0.012   0.030   0.045   0.058   0.066  101    0   11    0      113039         39       1009       2689  GET /api/player/competitions HTTP/2.0
   36     0.484  0.0134  0.0086   0.005   0.011   0.019   0.039   0.050   0.050   35    0    1    0         774         21         21         39  POST /api/organizer/competition/:competition_id/finish
   40     1.007  0.0252  0.0076   0.010   0.023   0.037   0.041   0.041   0.041   39    0    1    0        6440         39        161        188  POST /api/organizer/competitions/add HTTP/2.0
    2     0.007  0.0035  0.0025   0.001   0.006   0.006   0.006   0.006   0.006    2    0    0    0        2715        177       1357       2538  GET /api/organizer/competitions HTTP/2.0
    2     0.009  0.0045  0.0015   0.003   0.006   0.006   0.006   0.006   0.006    2    0    0    0         400        200        200        200  GET /api/me HTTP/2.0
    1     3.105  3.1050  0.0000   3.105   3.105   3.105   3.105   3.105   3.105    1    0    0    0          55         55         55         55  POST /initialize HTTP/2.0
    1     3.872  3.8720  0.0000   3.872   3.872   3.872   3.872   3.872   3.872    1    0    0    0        1561       1561       1561       1561  GET /api/admin/tenants/billing HTTP/2.0
    1     0.000  0.0000  0.0000   0.000   0.000   0.000   0.000   0.000   0.000    1    0    0    0         479        479        479        479  GET /index.html HTTP/2.0
    1     0.000  0.0000  0.0000   0.000   0.000   0.000   0.000   0.000   0.000    1    0    0    0        4868       4868       4868       4868  GET /css/app.83b4c321.css HTTP/2.0
    1     0.000  0.0000  0.0000   0.000   0.000   0.000   0.000   0.000   0.000    1    0    0    0       33294      33294      33294      33294  GET /js/app.3a4ec98c.js HTTP/2.0

Top 40 Sort By Maximum(100 Percentile)
Count     Total    Mean  Stddev     Min   P50.0   P90.0   P95.0   P99.0     Max  2xx  3xx  4xx  5xx  TotalBytes   MinBytes  MeanBytes   MaxBytes  Request
   12   109.723  9.1436  4.4329   3.065   8.849  13.287  19.161  19.161  19.161   10    0    2    0       15111          0       1259       1530  GET /api/admin/tenants/billing?querystring
  593  1189.193  2.0054  3.4218   0.001   0.028   7.277  10.031  12.965  13.091  545    0   48    0     5380338          0       9073      14593  GET /api/player/competition/:competition_id/ranking
  513   796.643  1.5529  3.0400   0.001   0.059   6.459   9.095  12.422  12.901  464    0   49    0      316894          0        617       2287  GET /api/player/player/:player_id
   57   160.473  2.8153  2.6733   0.001   2.048   6.955   9.907  12.786  12.786   49    0    8    0        2838          0         49         62  POST /api/organizer/competition/:competition_id/score
    9    32.091  3.5657  1.8207   0.044   3.961   5.616   5.616   5.616   5.616    9    0    0    0      153318        291      17035      26716  POST /api/organizer/players/add HTTP/2.0
    1     3.872  3.8720  0.0000   3.872   3.872   3.872   3.872   3.872   3.872    1    0    0    0        1561       1561       1561       1561  GET /api/admin/tenants/billing HTTP/2.0
    1     3.105  3.1050  0.0000   3.105   3.105   3.105   3.105   3.105   3.105    1    0    0    0          55         55         55         55  POST /initialize HTTP/2.0
   22     2.134  0.0970  0.1975   0.002   0.019   0.307   0.381   0.873   0.873   22    0    0    0       37316        320       1696       4867  GET /api/organizer/billing HTTP/2.0
   17     0.478  0.0281  0.0738   0.002   0.010   0.017   0.323   0.323   0.323   16    0    1    0        2553         39        150        165  POST /api/organizer/player/:player_id/disqualified
   11     0.362  0.0329  0.0282   0.001   0.050   0.067   0.072   0.072   0.072    6    0    5    0        1299         39        118        192  POST /api/admin/tenants/add HTTP/2.0
  112     1.683  0.0150  0.0140   0.001   0.012   0.030   0.045   0.058   0.066  101    0   11    0      113039         39       1009       2689  GET /api/player/competitions HTTP/2.0
   29     0.316  0.0109  0.0146   0.001   0.006   0.041   0.047   0.065   0.065   29    0    0    0     2948904       7650     101686     602298  GET /api/organizer/players HTTP/2.0
   36     0.484  0.0134  0.0086   0.005   0.011   0.019   0.039   0.050   0.050   35    0    1    0         774         21         21         39  POST /api/organizer/competition/:competition_id/finish
   40     1.007  0.0252  0.0076   0.010   0.023   0.037   0.041   0.041   0.041   39    0    1    0        6440         39        161        188  POST /api/organizer/competitions/add HTTP/2.0
    2     0.007  0.0035  0.0025   0.001   0.006   0.006   0.006   0.006   0.006    2    0    0    0        2715        177       1357       2538  GET /api/organizer/competitions HTTP/2.0
    2     0.009  0.0045  0.0015   0.003   0.006   0.006   0.006   0.006   0.006    2    0    0    0         400        200        200        200  GET /api/me HTTP/2.0
    1     0.000  0.0000  0.0000   0.000   0.000   0.000   0.000   0.000   0.000    1    0    0    0         479        479        479        479  GET /index.html HTTP/2.0
    1     0.000  0.0000  0.0000   0.000   0.000   0.000   0.000   0.000   0.000    1    0    0    0        4868       4868       4868       4868  GET /css/app.83b4c321.css HTTP/2.0
    1     0.000  0.0000  0.0000   0.000   0.000   0.000   0.000   0.000   0.000    1    0    0    0       33294      33294      33294      33294  GET /js/app.3a4ec98c.js HTTP/2.0

TOP 37 Slow Requests
 1  19.161  GET /api/admin/tenants/billing?before=80 HTTP/2.0
 2  13.287  GET /api/admin/tenants/billing?before=100 HTTP/2.0
 3  13.091  GET /api/player/competition/9fa535f8/ranking HTTP/2.0
 4  13.061  GET /api/player/competition/9fa535f8/ranking HTTP/2.0
 5  13.047  GET /api/player/competition/9fa5278b/ranking HTTP/2.0
 6  13.029  GET /api/player/competition/9fa535f8/ranking HTTP/2.0
 7  13.006  GET /api/player/competition/9fa535f8/ranking HTTP/2.0
 8  12.965  GET /api/player/competition/9fa535f8/ranking HTTP/2.0
 9  12.928  GET /api/player/competition/9fa535f8/ranking HTTP/2.0
10  12.910  GET /api/player/competition/9fa535f8/ranking HTTP/2.0
11  12.907  GET /api/admin/tenants/billing?before=70 HTTP/2.0
12  12.901  GET /api/player/player/9fa52de5 HTTP/2.0
13  12.893  GET /api/player/player/28ece4f82 HTTP/2.0
14  12.863  GET /api/player/competition/9fa535f8/ranking HTTP/2.0
15  12.849  GET /api/player/competition/9fa535f8/ranking HTTP/2.0
16  12.830  GET /api/player/competition/9fa535f8/ranking HTTP/2.0
17  12.801  GET /api/player/player/48df7b3cf HTTP/2.0
18  12.786  GET /api/player/player/7233621c HTTP/2.0
19  12.786  POST /api/organizer/competition/9fa535f8/score HTTP/2.0
20  12.779  GET /api/player/player/9fa52c3b HTTP/2.0
21  12.422  GET /api/player/player/61f13e063 HTTP/2.0
22  12.135  GET /api/player/player/9fa52df9 HTTP/2.0
23  12.025  GET /api/player/competition/9fa535f8/ranking HTTP/2.0
24  12.018  GET /api/player/player/3e3811773 HTTP/2.0
25  11.761  GET /api/player/player/3f24b8f6e HTTP/2.0
26  11.562  GET /api/player/competition/5efde9c0a/ranking HTTP/2.0
27  11.509  GET /api/player/competition/9fa52e20/ranking HTTP/2.0
28  11.203  GET /api/admin/tenants/billing?before=70 HTTP/2.0
29  10.498  GET /api/admin/tenants/billing?before=60 HTTP/2.0
30  10.328  POST /api/organizer/competition/9fa54029/score HTTP/2.0
31  10.319  GET /api/player/competition/9fa54029/ranking HTTP/2.0
32  10.319  GET /api/player/competition/9fa54029/ranking HTTP/2.0
33  10.312  GET /api/player/competition/9fa54029/ranking HTTP/2.0
34  10.308  GET /api/player/competition/9fa54029/ranking HTTP/2.0
35  10.298  GET /api/player/competition/9fa54029/ranking HTTP/2.0
36  10.287  GET /api/player/competition/9fa54029/ranking HTTP/2.0
37  10.277  GET /api/player/player/9fa53587 HTTP/2.0
